000000011111111111111110000000
000000011111111111111110000000
000000011111111111111110000000
000000011111111111111110000000
000000011111111111111110000000
000000011111111111111110000000
000000011111111111111110000000
000000011111111111111110000000
000000011111111111111110000000
000000011111111111111110000000
000000011111111111111110000000
000000011111111111111110000000
000000011111111111111110000000
000000011111111111111110000000
000000011111111111111110000000
000000011111111111111110000000
000000011111111111111110000000
000000011111111111111110000000
000000011111111111111110000000
000000011111111111111110000000
000000011111111111111110000000
000000011111111111111110000000
000000011111111111111110000000
000000011111111111111110000000
000000011111111111111110000000
000000011111111111111110000000
000000011111111111111110000000
000000011111111111111110000000
000000011111111111111110000000
000000011111111111111110000000
000000011111111111111110000000
000000011111111111111110000000
000000011111111111111110000000
000000011111111111111110000000
000000011111111111111110000000
000000011111110011111110000000
000000011111110011111110000000
000000011111110011111110000000
000000011111110011111110000000
000000111111110011111111000000
000001111111110011111111100000
000011111111110011111111110000
000111111111110011111111111000
000111111111110011111111111000
000111111111110011111111111000
000111111111110011111111111000
000111111111111111111111111000
000011111111111111111111110000
000001111111111111111111100000
000000111111111111111111000000
000000011111111111111110000000
000000011111111111111110000000
000000111111111111111111000000
000001111111111111111111100000
000011111111111111111111110000
000111111111111111111111111000
000111111111111111111111111000
000111111111111111111111111000
000111111111111111111111111000
000111111111110011111111111000
000011111111110011111111110000
000001111111110011111111100000
000000111111110011111111000000
000000011111110011111110000000
000000011111110011111110000000
000000111111110011111111000000
000001111111110011111111100000
000011111111110011111111110000
000111111111110011111111111000
000111111111110011111111111000
000111111111111111111111111000
000111111111111111111111111000
000111111111111111111111111000
000011111111111111111111110000
000001111111111111111111100000
000000111111111111111111000000
000000011111111111111110000000
000000011111111111111110000000
000000111111111111111111000000
000001111111111111111111100000
000011111111111111111111110000
000111111111111111111111111000
000111111111111111111111111000
000111111111111111111111111000
000111111111111111111111111000
000111111111110011111111111000
000011111111110011111111110000
000001111111110011111111100000
000000111111110011111111000000
000000011111110011111110000000
000000011111110011111110000000
000000111111110011111111000000
000001111111110011111111100000
000011111111110011111111110000
000111111111110011111111111000
000111111111110011111111111000
000111111111111111111111111000
000111111111111111111111111000
000111111111111111111111111000
000011111111111111111111110000
000001111111111111111111100000
000000111111111111111111000000
000000011111111111111110000000
000000011111111111111110000000
000000011111111111111110000000
000000011111111111111110000000
000000011111111111111110000000
000000011111111111111110000000
000000011111111111111110000000
000000011111111111111110000000
000000011111111111111110000000
000000000000011110000000000000
000000000000011110000000000000
000000000000011110000000000000
000000011111111111111110000000
000000011111111111111110000000
000000011111111111111110000000
000000011111111111111110000000
000000011111111111111110000000
000000001111111111111100000000
000000000111111111111000000000
000000000011111111110000000000
000000000011111111110000000000
000000000011111111110000000000
000000000011111111110000000000
000000000011111111110000000000
000000000011111111110000000000
000000000011111111110000000000
000000000011111111110000000000
000000000011111111110000000000
000000000011111111110000000000
000000000011111111110000000000
000000000011111111110000000000
000000000011111111110000000000
000000000011111111110000000000
000000000011111111110000000000
000000000111111111111000000000
000000001111111111111100000000
000000011111111111111110000000
000000011111111111111110000000
000000011111111111111110000000
000000011111111111111110000000
000000011111111111111110000000
000000011111111111111110000000
000000011111111111111110000000
000000011111111111111110000000
000000011111111111111110000000
000000111111111111111111000000
000000111111111111111111000000
000000111111111111111111000000
000000111111111111111111000000
000000111111111111111111000000
000000111111111111111111000000
000000111111111111111111000000
000000111111111111111111000000
000000111111111111111111000000
000000111111111111111111000000
000000111111111111111111000000
000000111111111111111111000000
000000111111111111111111000000
000000111111111111111111000000
000000111111111111111111000000
000000111111111111111111000000
000000111111111111111111000000
000111111111111111111111111000
000111111111111111111111111000
000111111111000001111111111000
000111111111000001111111111000
000111111111000001111111111000
000111111111000001111111111000
000111111111000001111111111000
000111111111000001111111111000
000111111111000001111111111000
000111111111000001111111111000
000111111111000001111111111000
000111111111000001111111111000
000111111111000001111111111000
000111111111000001111111111000
000111111111000001111111111000
000111111111000001111111111000
000111111111000001111111111000
000111111111000001111111111000
000111111111000001111111111000
001111111111000001111111111100
001111111111100011111111111100
001111111111100011111111111100
001111111111100011111111111100
001111111111100011111111111100
001111111111100011111111111100
001111111111100011111111111100
001111111111100011111111111100
001111111111100011111111111100
001111111111100011111111111100
001111111111111111111111111100
001111111111111111111111111100
001111111111111111111111111100
001111111111111111111111111100
001111111111111111111111111100
001111111111111111111111111100
001111111111111111111111111100
001111111111111111111111111100
001111111111111111111111111100
000000011111111111111110000000
000000011111111111111110000000
000000011111111111111110000000
000000011111111111111110000000
000000011111111111111110000000
000000011111111111111110000000
000000111111111111111100000000
000001111111111111111000000000
000011111111111111110000000000
000111111111111111100000000000
000111111111111111100000000000
000111111111111111100000000000
000111111111111111100000000000
000111111111111111100000000000
000011111111111111110000000000
000001111111111111111000000000
000000111111111111111100000000
000000011111111111111110000000
000000011111111111111110000000
000000011111111111111110000000
000000011111111111111110000000
000000011111111111111110000000
000000011111111111111110000000
000000011111111111111110000000
000000011111111111111110000000
000000000000011110000000000000
000000000000011110000000000000
000000000000011110000000000000
000000011111111111111110000000
000000011111111111111110000000
000000011111111111111110000000
000000011111111111111110000000
000000011111111111111110000000
000000011111111111111110000000
000000011111111111111110000000
000000011111111111111110000000
000000011111111111111110000000
000000011111111111111100000000
000000011111111111111000000000
000000011111111111110000000000
000000011111111111110000000000
000000011111111111110000000000
000000011111111111110000000000
000000011111111111110000000000
000000011111111111110000000000
000000011111111111111000000000
000000011111111111111100000000
000000011111111111111110000000
000000011111111111111110000000
000000001111111111111110000000
000000000111111111111110000000
000000000011111111111110000000
000000000011111111111110000000
000000000011111111111110000000
000000000011111111111110000000
000000000011111111111110000000
000000000011111111111110000000
000000000111111111111110000000
000000001111111111111110000000
000000011111111111111110000000
000000011111111111111110000000
000000011111111111111100000000
000000011111111111111000000000
000000011111111111110000000000
000000011111111111110000000000
000000011111111111110000000000
000000011111111111110000000000
000000011111111111110000000000
000000011111111111110000000000
000000011111111111111000000000
000000011111111111111100000000
000000001111111111111110000000
000000000111111111111110000000
000000000011111111111110000000
000000000011111111111110000000
000000000011111111111110000000
000000000011111111111110000000
000000000011111111111110000000
000000000011111111111110000000
000000000111111111111110000000
000000001111111111111110000000
000000011111111111111110000000
000000011111111111111110000000
000000011111111111111110000000
000000011111111111111110000000
000000011111111111111110000000
000000011111111111111110000000
000000011111111111111110000000
000000011111111111111110000000
000000011111111111111110000000
000000011111111111111110000000
000000000000011110000000000000
000000000000011110000000000000
000000000000011110000000000000
000000011111111111111110000000
000000011111111111111110000000
000000011111111111111110000000
000000011111111111111110000000
000000011111111111111110000000
000000011111111111111110000000
000000000111110001111100000000
000000000111110001111100000000
000000000111110001111100000000
000000000111110001111100000000
000000000111110001111100000000
000000000111110011111100000000
000000000111110011111000000000
000000000111110011111000000000
000000000111110011110000000000
000000000111110011110000000000
000000011111111111111110000000
000000011111111111111110000000
000000011111111111111110000000
000000011111111111111110000000
000000011111111111111110000000
000000011111111111111110000000
000000011111111111111110000000
000000011111111111111110000000
000000011111111111111110000000
000000011111111111111110000000
000000011111111111111110000000
000000011111100001111110000000
000000011111100001111110000000
000000011111100001111110000000
000000011111100001111110000000
000000011111100001111110000000
000011111111100001111110000000
000011111111100001111111110000
000011111111100001111111110000
000011111111100001111111110000
000011111111100001111111110000
000011111111111111111111110000
000011111111111111111111110000
000011111111111111111111110000
000011111111111111111111110000
000011111111111111111111110000
000011111111111111000011110000
000011100001111111000011110000
000011100001111111000011110000
000011100001111111000011110000
000011100001111111000011110000
000011100001111111000011110000
000011100001111111000011110000
000011100001111111000011110000
000011100001111111000011110000
000011100001111111000011110000
000011100001111111111111110000
000011111111111111111111110000
000011111111111111111111110000
000011111111111111111111110000
000011111111111111111111110000
000011111111111111111111110000
000011111111111111111111110000
000011111111111111111111110000
000000011111100001111110000000
000000011111100001111110000000
000000011111100001111110000000
000000011111100001111110000000
000000011111100001111110000000
000000011111100001111110000000
000000011111100001111110000000
000000011111100001111110000000
000000011111100001111110000000
000000011111100001111110000000
000000011111100001111110000000
000000011111100001111110000000
000000011111100001111110000000
000000011111100001111110000000
000000011111100001111110000000
000000111111100001111111000000
000000111111100001111111000000
000000111111100001111111000000
000000111111100001111111000000
000000111110000000011111000000
000000111110000000011111000000
000000111110000000011111000000
000000111110000000011111000000
000000111110000000011111000000
000000111110000000011111000000
000000111110000000011111000000
000000111110000000011111000000
000000111110000000011111000000
000000111110000000011111000000
000000111110000000011111000000
000000111110000000011111000000
000000111110000000011111000000
000000111110000000011111000000
000000111110000000011111000000
000000011111111111111110000000
000000011111111111111110000000
000000011111111111111110000000
000000011111111111111110000000
000000011111111111111110000000
000000001111111111111100000000
000000001111111111111100000000
000000001111111111111100000000
000000000000011110000000000000
000000000000011110000000000000
000000000000011110000000000000
000000001111111111111100000000
000000001111111111111100000000
000000001111111111111100000000
000000001111111111111100000000
000000001111111111111100000000
000000001111111111111100000000
000000001111111111111100000000
000000001111111111111100000000
000000001111111111111100000000
000000001111111111111100000000
000000001111111111111100000000
000000001111111111111100000000
000000001111111111111100000000
000000001111111111111100000000
000000011111111111111110000000
000000011111111111111110000000
000011111111111111111111110000
000011111111111111111111110000
000011111111111111111111110000
000011111111111111111111110000
000011111111111111111111110000
000011111111111111111111110000
000011111111111111111111110000
000001111111111111111111100000
000001111111111111111111100000
000001111111111111111111100000
000001111111111111111111100000
000000111111111111111111000000
000000111111111111111111000000
000000001111111111111100000000
000000001111111111111100000000
000000001111111111111100000000
000000001111111111111100000000
000000001111111111111100000000
000000001111111111111100000000
000000001111111111111100000000
000000001111111111111100000000
000000001111111111111100000000
000000001111111111111100000000
000000011111111111111110000000
000000011111111111111110000000
000000011111111111111110000000
000000111111111111111111000000
000000111111111111111111000000
000000111111111111111111000000
000000011111111111111110000000
000000011111111111111110000000
000000011111111111111110000000
000000011111111111111110000000
000011111111111111111111110000
000011111111111111111111110000
000011111111111111111111110000
000011111111111111111111110000
000011111111111111111111110000
000011111111111111111111110000
000011111111111111111111110000
000001111111111111111111100000
000001111111111111111111100000
000001111111111111111111100000
000001111111111111111111100000
000000111111111111111111000000
000000111111111111111111000000
000000000000111111000000000000
000000000000111111000000000000
000000000000111111000000000000
000000011111111111111110000000
000000011111111111111110000000
000000011111111111111110000000
000000011111111111111110000000
000000011111111111111110000000
000000011111111111111110000000
000000011111111111111110000000
000000011111111111111110000000
000000011111111111111110000000
000000011111111111111110000000
000000011111111111111110000000
000000011111111111111110000000
000000011111111111111110000000
000000011111111111111110000000
000000011111111111111110000000
000000011111111111111110000000
000000011111111111111110000000
000000011111111111111110000000
000000011111111111111110000000
000000011111111111111110000000
000000011111111111111110000000
000000011111111111111110000000
000000011111111111111110000000
000000011111111111111110000000
000000011111111111111110000000
000000011111111111111110000000
000000011111111111111110000000
000000011111111111111110000000
000000011111111111111110000000
000000011111111111111110000000
000000011111111111111110000000
000000011111111111111110000000
000000011111111111111110000000
000000011111111111111110000000
000000011111111111111110000000
000000011111111111111110000000
000000011111111111111110000000
000000011111111111111110000000
000000011111111111111110000000
000000011111111111111110000000
000000011111111111111110000000
000000011111111111111110000000
000000011111111111111110000000
000000011111111111111110000000
000000011111111111111110000000
000000011111111111111110000000
000000011111111111111110000000
000000011111111111111110000000
000000011111111111111110000000
000000011111111111111110000000
000000011111111111111110000000
000000011111111111111110000000
000000011111111111111110000000
000000011111111111111110000000
000000011111111111111110000000
000000011111111111111110000000
000000011111111111111110000000
000000011111111111111110000000
000000011111111111111110000000
000000011111111111111110000000
000000011111111111111110000000
000000011111111111111110000000
000000011111111111111110000000
000000011111111111111110000000
000000011111111111111110000000
000000011111111111111110000000
000000011111111111111110000000
000000011111111111111110000000
000000011111111111111110000000
000000011111111111111110000000
000000011111111111111110000000
000000011111111111111110000000
000000011111111111111110000000
000000011111111111111110000000
000000011111111111111110000000
000000011111111111111110000000
000000011111111111111110000000
000000011111111111111110000000
000000011111111111111110000000
000000011111111111111110000000
000000011111111111111110000000
000000011111111111111110000000
000000011111111111111110000000
000000011111111111111110000000